





    Weather tables


                        Wind     Temp   RainFall RainFall
    Die Roll            Speed            "/Mnth    "/Day

        -300               -50       -5      -12       -3
        -295               -49       -4      -12       -3
        -290               -48       -3      -12       -3
        -285               -47       -2      -11       -3
        -280               -46       -1      -11       -3
        -275               -45        0      -11       -3
        -270               -44        1      -11       -3
        -265               -43        2      -11       -3
        -260               -42        3      -10       -3
        -255               -41        4      -10       -3
        -250               -40        5      -10       -3
        -245               -39        6      -10       -3
        -240               -38        7      -10       -3
        -235               -37        8       -9       -2
        -230               -36        9       -9       -2
        -225               -35       10       -9       -2
        -220               -34       11       -9       -2
        -215               -33       12       -9       -2
        -210               -32       13       -8       -2
        -205               -31       14       -8       -2
        -200               -30       15       -8       -2
        -195               -29       16       -8       -2
        -190               -28       17       -8       -2
        -185               -27       18       -7       -2
        -180               -26       19       -7       -2
        -175               -25       20       -7       -2
        -170               -24       21       -7       -2
        -165               -23       22       -7       -2
        -160               -22       23       -6       -2
        -155               -21       24       -6       -2
        -150               -20       25       -6       -2
        -145               -19       26       -6       -2
        -140               -18       27       -6       -2
        -135               -17       28       -5       -1
        -130               -16       29       -5       -1
        -125               -15       30       -5       -1
        -120               -14       31       -5       -1
        -115               -13       32       -5       -1
        -110               -12       33       -4       -1
        -105               -11       34       -4       -1
        -100               -10       35       -4       -1
         -95                -9       36       -4       -1
         -90                -8       37       -4       -1
         -85                -7       38       -3       -1
         -80                -6       39       -3       -1
         -75                -5       40       -3       -1
         -70                -4       41       -3       -1
         -65                -3       42       -3       -1
         -60                -2       43       -2       -1










         -55                -1       44       -2       -1
         -50                 0       45       -2       -1
         -45                 1       46       -2       -1
         -40                 2       47       -2       -1
         -35                 3       48       -1        0
         -30                 4       49       -1        0
         -25                 5       50       -1        0
         -20                 6       51       -1        0
         -15                 7       52       -1        0
         -10                 8       53        0        0
          -5                 9       54        0        0
           0                10       55        0        0
           5                11       56        0        0
          10                12       57        0        0
          15                13       58        1        0
          20                14       59        1        0
          25                15       60        1        0
          30                16       61        1        0
          35                17       62        1        0
          40                18       63        2        1
          45                19       64        2        1
          50                20       65        2        1
          55                21       66        2        1
          60                22       67        2        1
          65                23       68        3        1
          70                24       69        3        1
          75                25       70        3        1
          80                26       71        3        1
          85                27       72        3        1
          90                28       73        4        1
          95                29       74        4        1
         100                30       75        4        1
         105                31       76        4        1
         110                32       77        4        1
         115                33       78        5        1
         120                34       79        5        1
         125                35       80        5        1
         130                36       81        5        1
         135                37       82        5        1
         140                38       83        6        2
         145                39       84        6        2
         150                40       85        6        2
         155                41       86        6        2
         160                42       87        6        2
         165                43       88        7        2
         170                44       89        7        2
         175                45       90        7        2
         180                46       91        7        2
         185                47       92        7        2
         190                48       93        8        2
         195                49       94        8        2
         200                50       95        8        2
         205                51       96        8        2
         210                52       97        8        2
         215                53       98        9        2
         220                54       99        9        2










         225                55      100        9        2
         230                56      101        9        2
         235                57      102        9        2
         240                58      103       10        3
         245                59      104       10        3
         250                60      105       10        3
         255                61      106       10        3
         260                62      107       10        3
         265                63      108       11        3
         270                64      109       11        3
         275                65      110       11        3
         280                66      111       11        3
         285                67      112       11        3
         290                68      113       12        3
         295                69      114       12        3
         300                70      115       12        3
         305                71      116       12        3
         310                72      117       12        3
         315                73      118       13        3
         320                74      119       13        3
         325                75      120       13        3
         330                76      121       13        3
         335                77      122       13        3
         340                78      123       14        4
         345                79      124       14        4
         350                80      125       14        4
         355                81      126       14        4
         360                82      127       14        4
         365                83      128       15        4
         370                84      129       15        4
         375                85      130       15        4
         380                86      131       15        4
         385                87      132       15        4
         390                88      133       16        4
         395                89      134       16        4
         400                90      135       16        4
